<?xml version="1.0" encoding="utf-8"?>
<!-- Generator: Adobe Illustrator 27.2.0, SVG Export Plug-In . SVG Version: 6.00 Build 0)  -->
<svg version="1.1" id="Layer_1" xmlns="http://www.w3.org/2000/svg" xmlns:xlink="http://www.w3.org/1999/xlink" x="0px" y="0px"
	 viewBox="0 0 800 600" style="enable-background:new 0 0 800 600;" xml:space="preserve">
<g>
	<polygon points="124.73,511.08 124.73,514.2 119.46,514.2 119.46,519.47 116.33,519.47 116.33,514.2 109.28,514.2 109.28,521.26 
		114.55,521.26 114.55,524.38 109.28,524.38 109.28,529.65 106.16,529.65 106.16,524.38 100.89,524.38 100.89,521.26 106.16,521.26 
		106.16,514.2 99.1,514.2 99.1,519.47 95.98,519.47 95.98,514.2 88.92,514.2 88.92,521.26 94.19,521.26 94.19,524.38 88.92,524.38 
		88.92,531.43 95.98,531.43 95.98,526.16 99.1,526.16 99.1,531.43 104.37,531.43 104.37,534.55 99.1,534.55 99.1,539.82 
		95.98,539.82 95.98,534.55 88.92,534.55 88.92,541.61 94.19,541.61 94.19,544.73 88.92,544.73 88.92,550 85.8,550 85.8,544.73 
		80.53,544.73 80.53,541.61 85.8,541.61 85.8,534.55 78.75,534.55 78.75,539.82 75.63,539.82 75.63,534.55 70.36,534.55 
		70.36,531.43 75.63,531.43 75.63,526.16 78.75,526.16 78.75,531.43 85.8,531.43 85.8,524.38 80.53,524.38 80.53,521.26 
		85.8,521.26 85.8,514.2 78.75,514.2 78.75,519.47 75.63,519.47 75.63,514.2 68.57,514.2 68.57,521.26 73.84,521.26 73.84,524.38 
		68.57,524.38 68.57,529.65 65.45,529.65 65.45,524.38 60.18,524.38 60.18,521.26 65.45,521.26 65.45,514.2 58.39,514.2 
		58.39,519.47 55.27,519.47 55.27,514.2 50,514.2 50,511.08 55.27,511.08 55.27,505.81 58.39,505.81 58.39,511.08 65.45,511.08 
		65.45,504.02 60.18,504.02 60.18,500.9 65.45,500.9 65.45,495.63 68.57,495.63 68.57,500.9 73.84,500.9 73.84,504.02 68.57,504.02 
		68.57,511.08 75.63,511.08 75.63,505.81 78.75,505.81 78.75,511.08 85.8,511.08 85.8,504.02 80.53,504.02 80.53,500.9 85.8,500.9 
		85.8,493.85 78.75,493.85 78.75,499.12 75.63,499.12 75.63,493.85 70.36,493.85 70.36,490.73 75.63,490.73 75.63,485.46 
		78.75,485.46 78.75,490.73 85.8,490.73 85.8,483.67 80.53,483.67 80.53,480.55 85.8,480.55 85.8,475.28 88.92,475.28 88.92,480.55 
		94.19,480.55 94.19,483.67 88.92,483.67 88.92,490.73 95.98,490.73 95.98,485.46 99.1,485.46 99.1,490.73 104.37,490.73 
		104.37,493.85 99.1,493.85 99.1,499.12 95.98,499.12 95.98,493.85 88.92,493.85 88.92,500.9 94.19,500.9 94.19,504.02 
		88.92,504.02 88.92,511.08 95.98,511.08 95.98,505.81 99.1,505.81 99.1,511.08 106.16,511.08 106.16,504.02 100.89,504.02 
		100.89,500.9 106.16,500.9 106.16,495.63 109.28,495.63 109.28,500.9 114.55,500.9 114.55,504.02 109.28,504.02 109.28,511.08 
		116.33,511.08 116.33,505.81 119.46,505.81 119.46,511.08 	"/>
</g>
<g>
</g>
<g>
</g>
<g>
</g>
<g>
</g>
<g>
</g>
<g>
</g>
<g>
</g>
<g>
</g>
<g>
</g>
<g>
</g>
<g>
</g>
<g>
</g>
<g>
</g>
<g>
</g>
<g>
</g>
</svg>
